TT    PID   AT    CT    IO_D  	WT    RT    TRT   
7     1     3     132   0     	-128  1     4     
58    28    29    179   0     	-150  -1    29    
116   19    19    93    0     	4     -1    97    
135   51    23    111   0     	1     1     112   
135   52    72    63    0     	0     18    63    
155   24    26    166   0     	-37   -1    129   
275   34    31    119   0     	125   125   244   
399   53    342   48    0     	9     -1    57    
400   6     6     55    16    	339   2     394   
446   23    24    180   0     	242   112   422   
483   3     4     39    37    	440   1     479   
561   54    509   46    0     	6     6     52    
583   5     4     75    50    	504   1     579   
589   29    29    95    0     	465   70    560   
593   31    29    15    18    	549   329   564   
621   8     10    123   1     	488   1     611   
640   37    34    154   0     	452   605   606   
797   15    14    58    24    	725   42    783   
804   56    698   105   0     	1     1     106   
804   58    746   58    0     	0     -1    58    
804   59    753   51    0     	0     15    51    
804   60    793   26    0     	-15   -1    11    
804   55    636   157   0     	11    10    168   
804   57    701   102   0     	1     -1    103   
836   9     11    196   4     	629   1     825   
846   26    28    44    30    	774   435   818   
879   18    18    161   0     	700   55    861   
879   62    847   32    0     	0     -1    32    
888   2     4     189   62    	695   1     884   
891   17    16    164   0     	711   308   875   
904   35    32    84    32    	788   257   872   
915   22    22    30    32    	863   284   893   
921   61    843   41    0     	37    37    78    
930   4     4     159   11    	767   2     926   
932   27    28    40    0     	864   864   904   
934   43    39    74    0     	821   442   895   
945   14    13    164   17    	768   122   932   
954   45    41    63    39    	850   230   913   
1059  63    1026  23    0     	10    10    33    
1084  65    1065  18    0     	1     1     19    
1086  64    1052  31    0     	3     3     34    
1086  66    1068  18    0     	0     17    18    
1149  44    40    14    26    	1095  580   1109  
1225  48    43    186   1     	996   123   1182  
1257  39    35    50    40    	1172  596   1222  
1263  41    38    31    21    	1194  770   1225  
1310  67    1184  124   0     	2     2     126   
1314  13    13    75    52    	1226  27    1301  
1340  21    22    45    29    	1273  440   1318  
1340  69    1335  5     0     	0     1     5     
1349  68    1220  90    0     	39    6     129   
1397  11    11    110   46    	1276  339   1386  
1421  40    37    64    20    	1320  155   1384  
1466  10    11    162   35    	1293  9     1455  
1481  30    29    104   30    	1348  179   1452  
1496  36    34    43    32    	1419  807   1462  
1532  50    44    23    15    	1465  617   1488  
1570  20    21    18    72    	1531  184   1549  
1575  25    27    59    69    	1489  96    1548  
1592  33    31    25    39    	1536  124   1561  
1597  42    38    193   39    	1366  239   1559  
1613  49    44    94    49    	1475  242   1569  
1675  32    30    13    48    	1632  324   1645  
1692  7     8     74    69    	1610  1     1684  
1732  38    34    11    34    	1687  908   1698  
1752  47    43    199   57    	1510  65    1709  
1784  16    14    188   58    	1582  51    1770  
1798  46    43    118   53    	1637  625   1755  
1813  12    11    164   71    	1638  583   1802  
Processes: 69
Avg WT = 682.96,	Avg RT = 181.07,	Avg TRT = 770.83
Migration%:	RTF = 13%,	MaxW = 33.3%
Work Steal%: 3.06%
Forked Process: 27.5%
Killed Process: 10.1%

Processors:5 [2 FCFS, 1 SJF, 1 RR, 1 EDF]
Processor Load
P1 = 2%	P2 = 2.1%	P3 = 2.1%	P4 = 1.7%	P5 = 1.5%	

Proceesor Utiliz
P1 = 59.5%	P2 = 63%	P3 = 61.7%	P4 = 49%	P5 = 44.3%	
Avg Utilization = 65.5%